GENERAL_SECTION
20

USINE_SECTION
5
7.68 7.68 7.68 7.68 7.68 7.68 7.68 7.68 7.68 7.68 7.68 7.68 7.68 7.68 7.68 7.68 7.68 7.68 7.68 7.68 3.44
8.57 8.57 8.57 8.57 8.57 8.57 8.57 8.57 8.57 8.57 8.57 8.57 8.57 8.57 8.57 8.57 8.57 8.57 8.57 8.57 3.71
3.53 3.53 3.53 3.53 3.53 3.53 3.53 3.53 3.53 3.53 3.53 3.53 3.53 3.53 3.53 3.53 3.53 3.53 3.53 3.53 1.21
7.05 7.05 7.05 7.05 7.05 7.05 7.05 7.05 7.05 7.05 7.05 7.05 7.05 7.05 7.05 7.05 7.05 7.05 7.05 7.05 1.49
6.92 6.92 6.92 6.92 6.92 6.92 6.92 6.92 6.92 6.92 6.92 6.92 6.92 6.92 6.92 6.92 6.92 6.92 6.92 6.92 4.34

RESERVOIR_SECTION
32.9


COUT_SECTION
61.05 61.24 60.61 60.35 60.47 60.96 60.75 60.73 60.59 61.0 61.2 60.51 60.57 61.06 60.51 61.04 61.1 60.47 60.94 61.24
