GENERAL_SECTION
20

USINE_SECTION
5
6.39 6.39 6.39 6.39 6.39 6.39 6.39 6.39 6.39 6.39 6.39 6.39 6.39 6.39 6.39 6.39 6.39 6.39 6.39 6.39 1.92
5.05 5.05 5.05 5.05 5.05 5.05 5.05 5.05 5.05 5.05 5.05 5.05 5.05 5.05 5.05 5.05 5.05 5.05 5.05 5.05 0.11
6.45 6.45 6.45 6.45 6.45 6.45 6.45 6.45 6.45 6.45 6.45 6.45 6.45 6.45 6.45 6.45 6.45 6.45 6.45 6.45 0.99
5.83 5.83 5.83 5.83 5.83 5.83 5.83 5.83 5.83 5.83 5.83 5.83 5.83 5.83 5.83 5.83 5.83 5.83 5.83 5.83 0.83
8.26 8.26 8.26 8.26 8.26 8.26 8.26 8.26 8.26 8.26 8.26 8.26 8.26 8.26 8.26 8.26 8.26 8.26 8.26 8.26 1.59

RESERVOIR_SECTION
19.1


COUT_SECTION
66.38 66.28 66.53 66.73 66.51 66.99 67.05 66.11 66.32 66.13 66.51 66.31 66.47 66.26 66.98 66.63 66.45 66.93 66.89 66.63
