GENERAL_SECTION
30

USINE_SECTION
5
5.42 5.41 4.96 5.6 5.17 5.12 5.77 5.68 5.71 5.66 5.62 5.38 5.35 5.29 5.91 5.39 5.19 5.01 5.29 5.23 5.45 5.75 5.44 5.22 5.43 5.07 5.13 5.07 5.38 5.13 2.43
4.27 4.1 4.79 4.8 4.72 4.1 4.66 4.97 4.77 4.99 4.41 4.48 4.11 4.06 4.53 4.71 4.21 4.57 4.32 4.16 4.29 4.96 4.48 4.19 4.32 4.68 5.03 4.11 4.1 4.24 2.64
4.98 4.84 5.62 4.77 5.36 4.86 5.62 5.04 4.89 4.77 5.1 5.03 5.71 5.29 5.6 4.73 4.99 5.39 5.2 5.7 4.92 4.92 4.97 5.27 4.75 5.29 5.44 5.47 5.3 5.38 2.02
5.74 5.67 5.63 5.48 5.64 5.58 5.58 5.18 5.82 5.16 5.88 5.82 5.63 5.09 5.57 5.14 5.47 5.11 5.82 5.62 5.32 5.24 5.63 5.93 5.3 5.39 5.13 5.27 5.49 5.82 1.81
4.08 3.91 4.14 4.5 4.14 4.2 3.96 4.19 4.35 4.58 3.9 4.74 4.14 4.19 4.61 4.72 4.56 4.32 3.8 4.48 4.61 4.26 4.3 3.96 4.66 4.38 4.58 4.33 4.46 4.6 0.87

RESERVOIR_SECTION
243.0


COUT_SECTION
68.5 67.81 68.47 68.21 67.84 68.47 68.01 68.35 67.88 67.82 67.88 67.84 68.77 68.48 68.0 68.63 67.97 68.0 68.74 68.56 68.41 68.37 68.56 68.77 68.27 67.88 68.07 68.44 68.39 67.99
