GENERAL_SECTION
20

USINE_SECTION
10
4.62 4.62 4.62 4.62 4.62 4.62 4.62 4.62 4.62 4.62 4.62 4.62 4.62 4.62 4.62 4.62 4.62 4.62 4.62 4.62 0.18
5.78 5.78 5.78 5.78 5.78 5.78 5.78 5.78 5.78 5.78 5.78 5.78 5.78 5.78 5.78 5.78 5.78 5.78 5.78 5.78 3.6
4.09 4.09 4.09 4.09 4.09 4.09 4.09 4.09 4.09 4.09 4.09 4.09 4.09 4.09 4.09 4.09 4.09 4.09 4.09 4.09 2.64
4.57 4.57 4.57 4.57 4.57 4.57 4.57 4.57 4.57 4.57 4.57 4.57 4.57 4.57 4.57 4.57 4.57 4.57 4.57 4.57 0.36
4.74 4.74 4.74 4.74 4.74 4.74 4.74 4.74 4.74 4.74 4.74 4.74 4.74 4.74 4.74 4.74 4.74 4.74 4.74 4.74 0.27
7.11 7.11 7.11 7.11 7.11 7.11 7.11 7.11 7.11 7.11 7.11 7.11 7.11 7.11 7.11 7.11 7.11 7.11 7.11 7.11 1.86
3.01 3.01 3.01 3.01 3.01 3.01 3.01 3.01 3.01 3.01 3.01 3.01 3.01 3.01 3.01 3.01 3.01 3.01 3.01 3.01 1.39
4.05 4.05 4.05 4.05 4.05 4.05 4.05 4.05 4.05 4.05 4.05 4.05 4.05 4.05 4.05 4.05 4.05 4.05 4.05 4.05 0.92
4.68 4.68 4.68 4.68 4.68 4.68 4.68 4.68 4.68 4.68 4.68 4.68 4.68 4.68 4.68 4.68 4.68 4.68 4.68 4.68 0.98
5.77 5.77 5.77 5.77 5.77 5.77 5.77 5.77 5.77 5.77 5.77 5.77 5.77 5.77 5.77 5.77 5.77 5.77 5.77 5.77 3.4

RESERVOIR_SECTION
180.5


COUT_SECTION
66.85 67.33 66.86 66.55 66.74 66.54 67.44 66.74 66.95 66.44 67.3 67.17 67.02 67.29 66.83 66.88 67.28 67.0 67.11 67.07
