GENERAL_SECTION
30

USINE_SECTION
5
5.93 5.93 5.93 5.93 5.93 5.93 5.93 5.93 5.93 5.93 5.93 5.93 5.93 5.93 5.93 5.93 5.93 5.93 5.93 5.93 5.93 5.93 5.93 5.93 5.93 5.93 5.93 5.93 5.93 5.93 3.54
5.04 5.04 5.04 5.04 5.04 5.04 5.04 5.04 5.04 5.04 5.04 5.04 5.04 5.04 5.04 5.04 5.04 5.04 5.04 5.04 5.04 5.04 5.04 5.04 5.04 5.04 5.04 5.04 5.04 5.04 1.33
5.57 5.57 5.57 5.57 5.57 5.57 5.57 5.57 5.57 5.57 5.57 5.57 5.57 5.57 5.57 5.57 5.57 5.57 5.57 5.57 5.57 5.57 5.57 5.57 5.57 5.57 5.57 5.57 5.57 5.57 3.06
2.62 2.62 2.62 2.62 2.62 2.62 2.62 2.62 2.62 2.62 2.62 2.62 2.62 2.62 2.62 2.62 2.62 2.62 2.62 2.62 2.62 2.62 2.62 2.62 2.62 2.62 2.62 2.62 2.62 2.62 1.54
6.09 6.09 6.09 6.09 6.09 6.09 6.09 6.09 6.09 6.09 6.09 6.09 6.09 6.09 6.09 6.09 6.09 6.09 6.09 6.09 6.09 6.09 6.09 6.09 6.09 6.09 6.09 6.09 6.09 6.09 3.18

RESERVOIR_SECTION
206.0


COUT_SECTION
65.8 64.7 65.86 64.23 65.52 64.59 65.39 65.4 63.86 64.21 64.36 65.73 65.05 65.21 65.31 65.71 65.39 65.95 63.97 64.71 65.63 63.97 65.11 65.26 65.18 65.93 64.39 64.09 65.42 64.42
