GENERAL_SECTION
20

USINE_SECTION
10
7.59 7.59 7.59 7.59 7.59 7.59 7.59 7.59 7.59 7.59 7.59 7.59 7.59 7.59 7.59 7.59 7.59 7.59 7.59 7.59 4.21
4.75 4.75 4.75 4.75 4.75 4.75 4.75 4.75 4.75 4.75 4.75 4.75 4.75 4.75 4.75 4.75 4.75 4.75 4.75 4.75 0.47
7.05 7.05 7.05 7.05 7.05 7.05 7.05 7.05 7.05 7.05 7.05 7.05 7.05 7.05 7.05 7.05 7.05 7.05 7.05 7.05 1.27
7.15 7.15 7.15 7.15 7.15 7.15 7.15 7.15 7.15 7.15 7.15 7.15 7.15 7.15 7.15 7.15 7.15 7.15 7.15 7.15 3.22
7.18 7.18 7.18 7.18 7.18 7.18 7.18 7.18 7.18 7.18 7.18 7.18 7.18 7.18 7.18 7.18 7.18 7.18 7.18 7.18 3.76
3.72 3.72 3.72 3.72 3.72 3.72 3.72 3.72 3.72 3.72 3.72 3.72 3.72 3.72 3.72 3.72 3.72 3.72 3.72 3.72 1.73
4.66 4.66 4.66 4.66 4.66 4.66 4.66 4.66 4.66 4.66 4.66 4.66 4.66 4.66 4.66 4.66 4.66 4.66 4.66 4.66 1.36
6.55 6.55 6.55 6.55 6.55 6.55 6.55 6.55 6.55 6.55 6.55 6.55 6.55 6.55 6.55 6.55 6.55 6.55 6.55 6.55 3.91
6.95 6.95 6.95 6.95 6.95 6.95 6.95 6.95 6.95 6.95 6.95 6.95 6.95 6.95 6.95 6.95 6.95 6.95 6.95 6.95 4.22
7.24 7.24 7.24 7.24 7.24 7.24 7.24 7.24 7.24 7.24 7.24 7.24 7.24 7.24 7.24 7.24 7.24 7.24 7.24 7.24 1.42

RESERVOIR_SECTION
277.5


COUT_SECTION
47.58 47.0 47.26 47.65 47.73 47.56 47.77 47.86 47.79 47.09 46.97 47.38 47.7 47.74 47.65 47.06 47.78 47.41 47.24 47.68
