GENERAL_SECTION
20

USINE_SECTION
10
6.45 6.45 6.45 6.45 6.45 6.45 6.45 6.45 6.45 6.45 6.45 6.45 6.45 6.45 6.45 6.45 6.45 6.45 6.45 6.45 3.43
7.39 7.39 7.39 7.39 7.39 7.39 7.39 7.39 7.39 7.39 7.39 7.39 7.39 7.39 7.39 7.39 7.39 7.39 7.39 7.39 3.88
6.34 6.34 6.34 6.34 6.34 6.34 6.34 6.34 6.34 6.34 6.34 6.34 6.34 6.34 6.34 6.34 6.34 6.34 6.34 6.34 3.57
5.38 5.38 5.38 5.38 5.38 5.38 5.38 5.38 5.38 5.38 5.38 5.38 5.38 5.38 5.38 5.38 5.38 5.38 5.38 5.38 0.81
5.5 5.5 5.5 5.5 5.5 5.5 5.5 5.5 5.5 5.5 5.5 5.5 5.5 5.5 5.5 5.5 5.5 5.5 5.5 5.5 3.17
7.92 7.92 7.92 7.92 7.92 7.92 7.92 7.92 7.92 7.92 7.92 7.92 7.92 7.92 7.92 7.92 7.92 7.92 7.92 7.92 3.25
3.71 3.71 3.71 3.71 3.71 3.71 3.71 3.71 3.71 3.71 3.71 3.71 3.71 3.71 3.71 3.71 3.71 3.71 3.71 3.71 1.9
5.19 5.19 5.19 5.19 5.19 5.19 5.19 5.19 5.19 5.19 5.19 5.19 5.19 5.19 5.19 5.19 5.19 5.19 5.19 5.19 1.03
7.22 7.22 7.22 7.22 7.22 7.22 7.22 7.22 7.22 7.22 7.22 7.22 7.22 7.22 7.22 7.22 7.22 7.22 7.22 7.22 3.82
7.38 7.38 7.38 7.38 7.38 7.38 7.38 7.38 7.38 7.38 7.38 7.38 7.38 7.38 7.38 7.38 7.38 7.38 7.38 7.38 2.13

RESERVOIR_SECTION
284.3


COUT_SECTION
58.46 58.27 58.62 58.61 58.35 58.54 58.57 58.02 58.79 58.56 58.71 58.07 58.14 58.32 58.66 58.48 58.24 58.43 58.48 58.34
