GENERAL_SECTION
20

USINE_SECTION
10
6.52 6.52 6.52 6.52 6.52 6.52 6.52 6.52 6.52 6.52 6.52 6.52 6.52 6.52 6.52 6.52 6.52 6.52 6.52 6.52 0.83
3.63 3.63 3.63 3.63 3.63 3.63 3.63 3.63 3.63 3.63 3.63 3.63 3.63 3.63 3.63 3.63 3.63 3.63 3.63 3.63 1.45
4.52 4.52 4.52 4.52 4.52 4.52 4.52 4.52 4.52 4.52 4.52 4.52 4.52 4.52 4.52 4.52 4.52 4.52 4.52 4.52 0.43
3.51 3.51 3.51 3.51 3.51 3.51 3.51 3.51 3.51 3.51 3.51 3.51 3.51 3.51 3.51 3.51 3.51 3.51 3.51 3.51 0.13
3.2 3.2 3.2 3.2 3.2 3.2 3.2 3.2 3.2 3.2 3.2 3.2 3.2 3.2 3.2 3.2 3.2 3.2 3.2 3.2 2.11
7.97 7.97 7.97 7.97 7.97 7.97 7.97 7.97 7.97 7.97 7.97 7.97 7.97 7.97 7.97 7.97 7.97 7.97 7.97 7.97 2.74
6.59 6.59 6.59 6.59 6.59 6.59 6.59 6.59 6.59 6.59 6.59 6.59 6.59 6.59 6.59 6.59 6.59 6.59 6.59 6.59 1.92
5.99 5.99 5.99 5.99 5.99 5.99 5.99 5.99 5.99 5.99 5.99 5.99 5.99 5.99 5.99 5.99 5.99 5.99 5.99 5.99 1.62
6.71 6.71 6.71 6.71 6.71 6.71 6.71 6.71 6.71 6.71 6.71 6.71 6.71 6.71 6.71 6.71 6.71 6.71 6.71 6.71 1.57
7.7 7.7 7.7 7.7 7.7 7.7 7.7 7.7 7.7 7.7 7.7 7.7 7.7 7.7 7.7 7.7 7.7 7.7 7.7 7.7 2.52

RESERVOIR_SECTION
187.9


COUT_SECTION
36.65 35.84 35.91 35.91 36.09 36.1 36.68 36.54 35.78 36.31 36.16 36.58 36.5 35.94 35.91 36.03 36.13 35.87 36.45 36.69
