GENERAL_SECTION
20

USINE_SECTION
5
2.38 2.38 2.38 2.38 2.38 2.38 2.38 2.38 2.38 2.38 2.38 2.38 2.38 2.38 2.38 2.38 2.38 2.38 2.38 2.38 2.33
3.58 3.58 3.58 3.58 3.58 3.58 3.58 3.58 3.58 3.58 3.58 3.58 3.58 3.58 3.58 3.58 3.58 3.58 3.58 3.58 3.09
5.33 5.33 5.33 5.33 5.33 5.33 5.33 5.33 5.33 5.33 5.33 5.33 5.33 5.33 5.33 5.33 5.33 5.33 5.33 5.33 3.6
8.57 8.57 8.57 8.57 8.57 8.57 8.57 8.57 8.57 8.57 8.57 8.57 8.57 8.57 8.57 8.57 8.57 8.57 8.57 8.57 3.44
6.54 6.54 6.54 6.54 6.54 6.54 6.54 6.54 6.54 6.54 6.54 6.54 6.54 6.54 6.54 6.54 6.54 6.54 6.54 6.54 1.94

RESERVOIR_SECTION
104.3


COUT_SECTION
64.72 64.13 64.85 64.04 64.13 64.39 63.93 64.51 64.2 64.28 64.49 63.94 64.46 64.48 64.32 64.35 63.94 64.41 63.97 64.36
