GENERAL_SECTION
30

USINE_SECTION
5
6.37 6.37 6.37 6.37 6.37 6.37 6.37 6.37 6.37 6.37 6.37 6.37 6.37 6.37 6.37 6.37 6.37 6.37 6.37 6.37 6.37 6.37 6.37 6.37 6.37 6.37 6.37 6.37 6.37 6.37 3.16
8.76 8.76 8.76 8.76 8.76 8.76 8.76 8.76 8.76 8.76 8.76 8.76 8.76 8.76 8.76 8.76 8.76 8.76 8.76 8.76 8.76 8.76 8.76 8.76 8.76 8.76 8.76 8.76 8.76 8.76 3.22
5.32 5.32 5.32 5.32 5.32 5.32 5.32 5.32 5.32 5.32 5.32 5.32 5.32 5.32 5.32 5.32 5.32 5.32 5.32 5.32 5.32 5.32 5.32 5.32 5.32 5.32 5.32 5.32 5.32 5.32 2.5
5.18 5.18 5.18 5.18 5.18 5.18 5.18 5.18 5.18 5.18 5.18 5.18 5.18 5.18 5.18 5.18 5.18 5.18 5.18 5.18 5.18 5.18 5.18 5.18 5.18 5.18 5.18 5.18 5.18 5.18 3.32
6.23 6.23 6.23 6.23 6.23 6.23 6.23 6.23 6.23 6.23 6.23 6.23 6.23 6.23 6.23 6.23 6.23 6.23 6.23 6.23 6.23 6.23 6.23 6.23 6.23 6.23 6.23 6.23 6.23 6.23 0.36

RESERVOIR_SECTION
79.5


COUT_SECTION
31.02 30.64 30.99 31.19 31.01 30.79 30.76 30.61 31.18 30.29 30.95 30.73 31.21 31.11 30.7 30.59 30.28 30.83 31.07 30.99 31.0 30.94 30.75 30.69 30.22 30.88 30.31 30.38 30.41 31.0
