GENERAL_SECTION
20

USINE_SECTION
5
2.76 2.76 2.76 2.76 2.76 2.76 2.76 2.76 2.76 2.76 2.76 2.76 2.76 2.76 2.76 2.76 2.76 2.76 2.76 2.76 2.09
7.53 7.53 7.53 7.53 7.53 7.53 7.53 7.53 7.53 7.53 7.53 7.53 7.53 7.53 7.53 7.53 7.53 7.53 7.53 7.53 2.59
7.82 7.82 7.82 7.82 7.82 7.82 7.82 7.82 7.82 7.82 7.82 7.82 7.82 7.82 7.82 7.82 7.82 7.82 7.82 7.82 3.87
6.56 6.56 6.56 6.56 6.56 6.56 6.56 6.56 6.56 6.56 6.56 6.56 6.56 6.56 6.56 6.56 6.56 6.56 6.56 6.56 2.99
5.13 5.13 5.13 5.13 5.13 5.13 5.13 5.13 5.13 5.13 5.13 5.13 5.13 5.13 5.13 5.13 5.13 5.13 5.13 5.13 1.61

RESERVOIR_SECTION
149.2


COUT_SECTION
20.0 19.95 19.51 19.57 19.86 19.62 19.38 19.64 19.96 19.52 19.48 19.98 19.43 19.75 19.73 19.34 19.33 19.44 19.47 19.77
