GENERAL_SECTION
30

USINE_SECTION
5
4.46 4.46 4.46 4.46 4.46 4.46 4.46 4.46 4.46 4.46 4.46 4.46 4.46 4.46 4.46 4.46 4.46 4.46 4.46 4.46 4.46 4.46 4.46 4.46 4.46 4.46 4.46 4.46 4.46 4.46 2.49
6.45 6.45 6.45 6.45 6.45 6.45 6.45 6.45 6.45 6.45 6.45 6.45 6.45 6.45 6.45 6.45 6.45 6.45 6.45 6.45 6.45 6.45 6.45 6.45 6.45 6.45 6.45 6.45 6.45 6.45 2.73
4.73 4.73 4.73 4.73 4.73 4.73 4.73 4.73 4.73 4.73 4.73 4.73 4.73 4.73 4.73 4.73 4.73 4.73 4.73 4.73 4.73 4.73 4.73 4.73 4.73 4.73 4.73 4.73 4.73 4.73 1.22
3.95 3.95 3.95 3.95 3.95 3.95 3.95 3.95 3.95 3.95 3.95 3.95 3.95 3.95 3.95 3.95 3.95 3.95 3.95 3.95 3.95 3.95 3.95 3.95 3.95 3.95 3.95 3.95 3.95 3.95 2.32
6.17 6.17 6.17 6.17 6.17 6.17 6.17 6.17 6.17 6.17 6.17 6.17 6.17 6.17 6.17 6.17 6.17 6.17 6.17 6.17 6.17 6.17 6.17 6.17 6.17 6.17 6.17 6.17 6.17 6.17 2.52

RESERVOIR_SECTION
64.0


COUT_SECTION
49.75 49.88 49.98 49.99 49.27 49.47 49.63 49.48 50.1 49.95 49.34 49.55 50.08 49.63 49.56 49.98 49.35 49.97 49.18 49.56 49.5 49.28 49.96 49.44 49.58 49.41 49.38 49.9 49.23 50.04
