GENERAL_SECTION
20

USINE_SECTION
5
4.3 4.3 4.3 4.3 4.3 4.3 4.3 4.3 4.3 4.3 4.3 4.3 4.3 4.3 4.3 4.3 4.3 4.3 4.3 4.3 2.34
6.23 6.23 6.23 6.23 6.23 6.23 6.23 6.23 6.23 6.23 6.23 6.23 6.23 6.23 6.23 6.23 6.23 6.23 6.23 6.23 2.21
4.56 4.56 4.56 4.56 4.56 4.56 4.56 4.56 4.56 4.56 4.56 4.56 4.56 4.56 4.56 4.56 4.56 4.56 4.56 4.56 2.43
4.41 4.41 4.41 4.41 4.41 4.41 4.41 4.41 4.41 4.41 4.41 4.41 4.41 4.41 4.41 4.41 4.41 4.41 4.41 4.41 2.0
0.83 0.83 0.83 0.83 0.83 0.83 0.83 0.83 0.83 0.83 0.83 0.83 0.83 0.83 0.83 0.83 0.83 0.83 0.83 0.83 0.98

RESERVOIR_SECTION
52.1


COUT_SECTION
63.49 64.0 63.68 63.99 63.98 64.05 63.29 63.62 63.86 63.63 63.45 63.65 27.18 63.19 63.46 63.14 63.47 63.86 26.68 27.1
