NB_GROUPS
30
NB_ELEMENTS
5
WEIGHTS
2.43
2.64
2.02
1.81
0.87
VALUES
371.2700 366.8521 339.6112 381.9760 350.7328 350.5664 392.4177 388.2280 387.5948 383.8612 381.4856 364.9792 367.9195 362.2592 401.8800 369.9157 352.7643 340.6800 363.6346 358.5688 372.8345 393.1275 372.9664 358.9794 370.7061 344.1516 349.1991 346.9908 367.9382 348.7887 
292.4950 278.0210 327.9713 327.4080 320.2048 280.7270 316.9266 339.6995 323.7876 338.4218 299.3508 303.9232 282.6447 278.0288 308.0400 323.2473 286.1537 310.7600 296.9568 285.2096 293.4789 339.1152 307.1488 288.1463 294.9264 317.6784 342.3921 281.2884 280.3990 288.2776 
341.1300 328.2004 384.8014 325.3617 363.6224 332.7642 382.2162 344.4840 331.9332 323.5014 346.1880 341.2352 392.6767 362.2592 380.8000 324.6199 339.1703 366.5200 357.4480 390.7920 336.5772 336.3804 340.7432 362.4179 324.2825 359.0852 370.3008 374.3668 362.4670 365.7862 
393.1900 384.4827 385.4861 373.7908 382.6176 382.0626 379.4958 354.0530 395.0616 349.9512 399.1344 394.8288 387.1751 348.5632 378.7600 352.7582 371.7959 347.4800 400.0668 385.3072 363.9412 358.2588 385.9928 407.8061 361.8310 365.8732 349.1991 360.6788 375.4611 395.7018 
279.4800 265.1371 283.4658 306.9450 280.8576 287.5740 269.3196 286.3865 295.2780 310.6156 264.7320 321.5616 284.7078 286.9312 313.4800 323.9336 309.9432 293.7600 261.2120 307.1488 315.3701 291.2562 294.8080 272.3292 318.1382 297.3144 311.7606 296.3452 305.0194 312.7540 
