NB_GROUPS
20
NB_ELEMENTS
10
WEIGHTS
4.21
0.47
1.27
3.22
3.76
1.73
1.36
3.91
4.22
1.42
VALUES
361.1322 364.2500 370.5184 391.6830 386.1357 362.4072 374.9945 367.0862 353.6460 356.4713 364.0175 388.0422 379.2150 386.2166 371.6700 374.5976 351.6608 366.9534 369.8892 369.5200 
226.0050 239.2300 224.0124 207.2775 232.4451 213.0688 213.5319 241.6930 227.4804 210.0214 209.0165 228.3716 223.7130 214.8300 212.9955 206.1228 245.1114 224.2493 239.5068 227.9104 
335.4390 337.4600 320.8954 307.3425 348.9063 329.5908 313.3712 335.9772 308.7234 309.3813 321.2748 333.5552 303.3720 315.5614 345.9390 341.6556 345.4494 342.7743 324.0664 317.5488 
340.1970 314.4300 319.9502 327.8320 319.3137 307.2376 325.7914 322.0978 349.8228 329.1591 308.1232 325.0268 327.6990 305.5360 323.5435 344.9498 328.2486 303.8981 322.1768 327.5616 
341.6244 345.9200 354.9226 375.9585 338.8830 372.3948 347.7656 353.6854 380.4084 339.5189 368.7145 356.2976 358.7040 374.2816 340.2210 379.3036 345.4494 340.8779 359.0240 342.3424 
176.9976 178.1300 164.4648 169.6340 147.9630 159.3260 179.6152 194.3116 193.0716 146.9208 189.7588 185.2558 168.3810 174.2510 171.0635 168.0042 193.9868 174.4688 177.1500 184.9984 
221.7228 225.6000 253.7862 229.6730 262.0377 245.4096 231.2068 248.3934 246.5964 263.7040 227.8045 222.2122 252.8100 266.8666 239.2030 256.9476 262.7900 229.4644 236.2000 248.8896 
311.6490 301.7400 325.1488 319.2550 325.5186 308.6644 316.7151 341.7204 335.0079 317.8575 317.5172 313.6556 300.9870 316.9936 314.9665 308.7136 300.0584 311.4837 337.7660 319.9328 
330.6810 350.6200 333.1830 373.0995 358.4523 350.5172 365.4405 345.0706 378.9747 351.7623 332.5476 366.2474 364.9050 364.2562 371.6700 333.6554 364.5614 337.0851 336.3488 361.4144 
344.4792 320.0700 318.5324 320.6845 312.1542 323.8836 327.7022 338.8488 328.7952 341.4025 307.1838 337.8194 314.3430 316.9936 310.2015 304.0076 309.1366 323.3362 314.1460 327.0848 
