NB_GROUPS
20
NB_ELEMENTS
5
WEIGHTS
2.09
2.59
3.87
2.99
1.61
VALUES
70.8000  69.0270  67.3095  60.4713  70.5030  65.5308  53.4888  61.0804  62.8740  67.3440  56.1024  52.9470  54.0154  67.5450  55.6386  68.2702  51.8044  55.5984  59.1888  61.2870  
135.8000 137.2560 134.4239 136.0115 142.1976 138.5172 130.6212 147.8892 135.7280 132.3456 138.3080 151.0488 142.0333 144.1750 147.9750 138.2810 131.6373 129.6648 143.2992 132.0636 
123.2000 135.4605 126.2297 126.8136 137.0340 133.0236 120.1560 125.3032 123.9516 122.3904 121.5552 138.6612 132.1240 134.3000 131.7964 118.1674 127.7713 128.4984 125.7762 137.2038 
133.8000 128.6775 124.2787 135.2287 135.2466 122.2326 138.3732 128.6420 140.9176 136.0544 133.8276 134.4654 134.2613 137.4600 128.6396 131.8988 127.9646 135.1080 127.9179 125.7372 
111.4000 111.7200 116.4747 102.3511 109.8258 103.0050 109.6908 108.8056 114.9696 115.5584 99.5428  119.2806 102.5904 105.2675 107.1339 99.9878  103.4155 115.6680 111.1737 114.8637 
