NB_GROUPS
20
NB_ELEMENTS
5
WEIGHTS
2.33
3.09
3.6
3.44
1.94
VALUES
280.8848 274.4764 245.7815 258.7216 269.3460 249.8332 225.6729 247.7184 217.6380 242.9784 280.5315 255.1206 233.3452 261.7888 248.2752 278.6355 247.4478 235.7406 269.3137 227.8344 
478.2808 471.9968 487.6720 466.2112 500.8553 508.0371 519.7509 487.6956 503.9700 484.6712 464.9729 490.4198 510.5232 507.4576 459.8880 479.4075 491.0592 500.4657 481.0544 495.5720 
381.2008 337.9651 365.7540 379.1168 337.9651 348.9938 345.8613 339.9677 360.1620 345.1836 350.1807 372.1308 339.7042 385.5904 333.8208 381.5955 372.1308 392.9010 380.6215 370.7136 
467.2784 479.0511 461.7320 481.5808 504.7031 509.9688 478.8357 516.0800 462.2400 520.6680 513.3404 487.2228 473.1364 458.4528 470.8224 462.6765 496.8138 466.3284 501.5248 497.5028 
272.4712 289.2263 297.6615 281.7760 284.7372 268.5063 275.5383 298.0362 301.7400 319.4716 262.4743 306.9120 319.7216 276.6192 292.6560 297.2970 309.4696 264.7251 260.9976 296.0560 
