NB_GROUPS
20
NB_ELEMENTS
10
WEIGHTS
0.18
3.6
2.64
0.36
0.27
1.86
1.39
0.92
0.98
3.4
VALUES
308.8470 289.5190 294.8526 310.7885 327.6934 302.0916 339.2232 294.9908 281.1900 297.6512 312.2720 311.6688 345.1530 336.4500 320.7840 279.5584 318.9072 332.9900 318.7725 325.9602 
386.3930 395.2271 375.7532 404.6240 373.0766 404.5632 395.1984 403.7770 425.1325 400.6332 423.9900 401.6766 412.1730 401.0484 381.5993 363.8272 429.9192 361.8000 389.2380 423.2117 
273.4165 305.0049 291.5096 296.8130 292.9886 275.4756 314.2704 326.3586 322.0295 319.5764 290.0630 295.5480 312.3132 280.5993 280.0177 321.0240 309.4880 270.6800 320.1147 311.8755 
305.5045 270.6666 300.8700 268.8620 286.9820 314.7342 295.3872 259.6186 277.8425 294.9936 283.3330 278.7555 280.1436 310.8798 270.6615 265.5136 284.5944 265.9900 257.7024 302.4857 
316.8690 302.3117 321.5966 278.8445 260.9534 319.3920 305.5032 305.6692 304.6225 280.3768 264.4890 277.4121 286.1754 302.1321 292.7154 302.2976 323.6168 300.1600 314.7459 264.2558 
475.3035 458.5173 495.4326 481.8220 472.5192 459.7914 507.1488 457.8364 477.3535 457.7716 451.5830 448.0239 449.0340 464.9739 482.5126 490.2304 466.9232 485.0800 453.6636 474.1849 
201.2185 231.6152 230.6670 234.2560 249.6076 200.9508 215.1336 215.5702 228.9690 219.9164 207.9570 208.8987 203.0706 189.7578 241.9246 246.1184 227.4064 218.4200 226.1607 233.4036 
270.7425 268.6467 242.0332 250.8935 262.9556 248.1942 299.4336 241.5988 279.8510 282.3700 253.0480 272.0385 284.8350 238.8795 255.2906 247.4560 272.4840 285.4200 297.2973 265.5972 
312.8580 321.1641 302.2072 355.3770 297.6604 318.7266 305.5032 339.0392 293.2410 308.2816 357.3630 345.9255 356.5464 320.9733 330.8085 310.9920 295.3592 301.5000 294.6129 295.7787 
385.7245 414.7528 427.9040 437.8990 424.4664 390.5898 453.8712 391.0964 433.8360 426.5448 446.1990 401.6766 447.6936 414.5064 442.4146 443.4144 444.0480 428.1300 408.6999 391.6888 
