NB_GROUPS
20
NB_ELEMENTS
5
WEIGHTS
2.34
2.21
2.43
2.0
0.98
VALUES
319.9896 348.1600 333.6832 311.6313 328.8572 321.5310 350.6266 325.0982 312.9140 351.2376 332.4780 342.4370 130.4640 325.4285 330.6266 311.9116 338.2951 296.9490 144.3388 129.5380 
378.4004 365.4400 383.9904 364.7430 374.2830 365.7255 393.0309 386.1734 385.7144 378.5985 386.4105 369.1700 174.4956 406.3117 367.4334 378.8400 396.6875 351.2300 161.6808 149.5920 
361.2581 320.6400 327.9520 321.2298 301.9856 327.2955 327.8422 320.0086 305.8894 322.6041 317.8845 308.7025 133.9974 297.6249 310.3194 311.9116 304.6560 358.8932 133.9336 146.0690 
209.5170 216.9600 240.0736 213.0867 220.7310 265.1670 234.8059 213.1270 204.9906 227.1591 243.0135 258.4190 108.9918 229.3797 223.3792 223.5156 202.4693 219.0398 84.5756  109.2130 
52.0618  53.1200  50.3072  53.1117  54.3830  52.5210  51.8978  55.3494  52.3652  50.9040  52.6635  51.5565  23.1030  50.5520  53.3064  53.0376  55.2189  53.0038  21.8776  23.5770  
