NB_GROUPS
30
NB_ELEMENTS
5
WEIGHTS
3.54
1.33
3.06
1.54
3.18
VALUES
390.1940 370.7310 381.3294 354.5496 380.6712 361.7040 392.9939 378.6660 390.8232 364.7128 382.2984 398.3238 354.5225 370.3928 381.4104 410.0304 367.4918 381.8505 388.2979 384.3774 404.2808 351.1953 381.5446 389.6022 406.7232 377.7789 394.0668 403.1261 358.5016 395.5388 
331.6320 357.7910 366.8402 359.6880 305.3232 306.1566 309.9486 360.3540 312.2754 299.8607 323.0872 344.4252 342.8135 356.6987 352.0209 341.6920 310.6025 360.7465 324.3279 300.9015 344.5575 349.9159 336.6187 305.4168 304.3906 332.9465 309.7159 329.4226 334.2962 336.9166 
366.5060 315.0890 360.9128 349.4112 322.3584 322.3041 331.5273 357.0840 344.2054 358.9339 355.2672 329.3073 347.3670 359.3071 316.1004 320.0077 326.2961 352.1730 341.5998 350.7282 354.4020 351.8350 307.9703 367.4138 359.7936 367.2301 316.1549 334.5498 305.5114 323.3884 
172.3960 225.8030 189.6768 172.7787 219.4920 228.6486 204.0168 213.8580 176.2536 191.9879 193.7236 208.3641 195.8005 198.8905 218.7885 185.9593 224.9416 174.7675 192.5497 212.2488 196.8900 179.7557 183.6102 176.2020 203.3616 200.4272 219.5699 192.9109 175.9798 171.3572 
400.7220 395.9640 390.5498 398.8683 405.5688 439.2120 438.7669 436.2180 420.1988 437.9122 437.6480 418.7001 399.4070 420.6045 444.1080 424.4866 444.6520 442.5245 438.8342 397.3194 448.2529 416.4447 440.1436 428.7582 407.3750 402.8323 396.6424 440.2983 393.1742 398.7598 
