NB_GROUPS
20
NB_ELEMENTS
10
WEIGHTS
2.95
3.85
2.02
3.7
1.76
0.82
0.05
0.49
2.66
1.23
VALUES
360.1164 378.1900 342.1432 334.5909 358.5600 344.6768 340.6690 374.2550 331.1448 350.7912 327.0995 346.4646 328.7412 351.9768 324.5550 354.7971 358.4364 370.9676 347.7866 362.0032 
439.0788 453.7100 458.3880 457.6110 417.1248 455.6344 445.7185 412.3350 458.3236 415.3320 426.4715 413.1382 410.1780 422.6116 440.8047 440.3763 416.2872 416.5978 409.4424 410.8260 
328.4118 320.9600 334.9528 310.2246 302.3856 342.9062 292.0020 318.3250 304.1493 316.7280 309.3545 314.3184 318.5616 305.2860 305.6718 331.6194 302.3748 307.5594 335.2160 328.6608 
430.1058 447.2200 431.4240 453.4509 475.0920 427.8950 443.9380 434.3500 437.9270 470.3112 414.6415 468.5011 424.5492 445.3584 437.2641 432.6504 430.6008 443.8574 472.2954 443.5730 
284.1450 260.7800 270.8384 282.8868 297.6048 297.4608 292.5955 287.9800 272.9545 285.6528 263.2175 269.6709 276.0468 301.0958 269.0856 263.2749 291.6396 297.4852 267.5742 306.0356 
321.8316 325.6800 361.3176 349.4484 314.9352 331.1022 303.2785 315.3500 333.5444 358.5600 355.4915 322.0573 310.1784 347.7866 300.9510 348.2598 305.3568 322.9670 359.1600 301.2724 
161.5140 153.9900 153.3952 196.7133 171.5112 177.6502 156.0905 174.3350 202.1663 191.2320 204.0675 194.0678 159.8796 186.1646 174.0795 192.5532 158.0460 172.4466 155.6360 161.9488 
294.9126 327.4500 332.5560 311.4132 299.9952 298.0510 299.7175 277.8650 295.1508 320.9112 296.9330 287.5299 321.5556 326.2370 277.3470 285.8583 284.4828 280.2998 302.8916 300.0816 
255.4314 283.2000 279.2272 257.3319 291.6288 253.1958 271.2295 267.7500 294.5509 279.0792 264.4005 258.9555 280.8372 261.5882 260.8242 277.5381 275.5368 250.0772 267.5742 248.2818 
416.3472 424.2100 417.0432 382.7292 419.5152 373.5966 378.0595 399.8400 393.5344 429.6744 379.1515 390.5168 378.4416 430.9920 400.6779 426.7074 379.9068 402.9680 379.5124 397.1318 
