NB_GROUPS
20
NB_ELEMENTS
10
WEIGHTS
3.43
3.88
3.57
0.81
3.17
3.25
1.9
1.03
3.82
2.13
VALUES
377.0670 377.0069 355.2372 359.8654 351.8505 369.9728 374.2623 370.1676 407.4147 392.9376 391.0086 391.3918 391.8636 390.7440 385.3962 397.0792 403.6032 376.2892 361.4064 357.6242 
432.0194 450.4271 426.1674 417.3032 420.7035 450.1726 450.9890 420.6450 416.2332 432.1728 439.1508 451.2039 411.6312 420.4872 401.8210 427.4888 394.2848 439.9779 416.3776 395.5452 
370.6364 342.0449 353.4786 369.8291 370.5225 347.1422 366.6482 368.4270 370.9649 368.3424 360.4794 360.6147 348.2586 370.3320 366.0384 335.0904 339.5392 365.7718 346.7864 362.8748 
314.5148 290.1846 300.7206 287.1890 305.1705 308.5058 305.7354 311.5674 291.0105 317.3952 323.4921 272.9290 288.9558 331.2576 324.9764 276.0256 330.8032 298.5773 297.0784 295.2004 
321.5300 356.6124 362.2716 361.6237 351.8505 338.3612 353.1771 363.7854 358.6190 362.4864 338.7567 314.1587 358.7238 335.9232 367.7982 324.5640 329.0560 360.5131 348.5408 358.7910 
463.0032 450.4271 454.8912 455.3997 463.8825 447.2456 462.1173 454.8768 458.5620 445.6416 480.8349 466.3021 452.9106 467.1432 446.9892 478.9512 474.6560 449.9110 435.0912 463.8030 
216.8866 222.5914 225.6870 253.7813 238.6515 235.3308 251.2653 251.8068 250.4454 218.4288 250.1046 231.1186 225.0018 259.5240 240.5060 237.4288 259.1680 243.0688 262.5752 218.1916 
303.4074 307.0829 324.1686 314.1496 303.4200 344.8006 324.4778 334.1952 341.5699 347.8464 333.4728 343.7744 310.4676 308.5128 326.7362 312.8680 316.2432 350.5800 353.8040 323.7870 
422.0812 397.4014 395.6850 437.8167 430.6230 432.0252 433.4180 427.6074 416.2332 403.4784 415.0797 391.3918 412.7940 400.0752 404.7540 411.6992 436.2176 438.2250 422.8104 416.5476 
431.4348 450.4271 424.4088 465.9495 468.5505 472.4178 429.9038 459.5184 437.9855 426.3168 437.3895 443.0741 448.8408 454.8960 421.1788 464.9160 451.3600 442.8994 450.2960 423.5484 
