NB_GROUPS
30
NB_ELEMENTS
5
WEIGHTS
2.49
2.73
1.22
2.32
2.52
VALUES
221.8850 227.9516 234.4062 227.4545 208.4121 219.1521 235.7425 230.5768 248.9970 239.7600 226.4706 232.8850 219.3504 253.6093 221.5332 252.3990 251.1915 231.3611 235.0804 248.7912 229.6800 223.2384 257.7936 254.1216 223.1100 215.4276 240.4806 212.5740 210.7044 227.6820 
320.8875 292.2968 293.3826 314.4371 323.2112 298.7988 322.0987 285.4996 309.6180 281.2185 319.2298 297.7955 298.4768 291.3281 294.8820 285.3858 300.0480 329.3023 310.3258 283.4832 302.9400 293.2160 279.7760 294.6624 286.5724 276.6960 278.0094 283.9310 306.7029 283.7268 
235.3175 243.4144 260.8956 264.9470 261.6237 268.1274 254.1056 258.2856 244.4880 270.2295 247.1934 269.5520 242.8880 255.0982 253.2516 243.4026 265.0095 257.3455 270.9818 232.4364 229.6800 239.0080 271.2828 270.9312 264.2614 276.2019 246.4062 272.4540 244.1808 257.7060 
196.5125 181.5632 210.9156 214.9570 184.7625 209.2581 170.7272 205.8368 205.4100 195.8040 204.2676 169.4610 187.8000 193.0607 208.1520 174.4302 200.3610 200.3797 212.4576 193.7796 168.7950 201.0624 205.3356 209.6256 206.2528 165.5235 185.6688 204.0910 200.8584 193.6548 
306.9575 279.3280 299.3802 316.4367 278.3755 306.2193 292.8170 298.8592 318.6360 268.7310 305.4146 273.5160 290.4640 275.9428 275.0580 272.8908 285.2430 302.3185 307.3750 283.4832 294.5250 286.3168 282.2740 302.5728 287.0682 271.7550 268.1334 288.9210 285.0417 286.7292 
