NB_GROUPS
30
NB_ELEMENTS
5
WEIGHTS
3.75
1.06
4.05
3.14
2.49
VALUES
356.7916 384.3503 373.6740 355.1620 371.9748 366.3814 341.4110 390.6216 372.3544 367.1052 343.7968 374.6392 372.6450 343.5530 338.3805 346.0626 359.2218 346.0423 368.5959 352.3284 395.2521 384.7690 344.7290 350.3892 385.9854 377.2381 367.7920 379.7815 356.5643 363.6633 
302.6100 290.6899 294.4620 267.7990 263.0476 280.3416 310.9996 288.5208 272.6372 265.2594 268.6624 306.2618 265.4379 304.2898 311.3790 262.1511 266.9658 313.6911 306.4986 290.1528 312.4980 293.9288 262.6778 312.2280 285.7886 283.6507 283.2288 311.2495 283.7489 286.5918 
424.8068 396.9145 446.5720 432.2470 402.1036 422.2218 413.1360 443.3928 413.2788 402.2046 440.5608 435.5468 410.4828 421.5020 421.6830 430.5528 436.4862 400.9238 421.5780 411.0498 438.6546 431.0570 399.4298 430.1808 395.6635 409.5893 418.7616 437.4626 402.7963 419.0406 
276.6720 276.4124 289.8700 316.9050 308.8202 306.5524 295.5070 301.7136 275.5192 303.2358 291.4304 316.0300 290.6631 325.6536 294.7185 273.7251 327.5088 281.3399 309.3471 296.4855 321.7572 322.8588 294.5866 289.6782 295.4667 281.3399 281.4912 304.9674 319.5787 320.8458 
459.3908 437.4626 459.7740 471.0750 464.0994 469.5152 476.8278 469.7784 459.3908 433.8516 461.0520 481.5148 470.6793 455.5686 454.4295 449.6499 479.7312 433.2750 441.5175 462.8628 451.9647 439.1574 463.2474 431.9154 473.0883 428.6534 456.9888 456.8800 443.2493 439.0221 
