NB_GROUPS
20
NB_ELEMENTS
5
WEIGHTS
3.44
3.71
1.21
1.49
4.34
VALUES
468.8640 464.8116 480.0312 471.3335 490.4117 477.9264 458.6625 483.4108 466.5430 462.3800 492.6600 491.3412 464.5719 481.1528 501.6279 503.5800 450.9180 468.0378 463.1440 483.1836 
379.1205 402.9592 382.4491 394.6890 363.4247 387.7056 360.8550 352.2340 394.4409 395.8900 365.3640 380.6079 365.8428 398.7218 369.7161 382.1104 376.9870 401.5208 371.7340 350.2928 
169.7190 187.3944 221.8326 213.0355 223.1343 178.6128 201.0825 183.4046 202.9765 217.7700 205.6320 180.9249 220.4748 226.5326 186.9759 213.0296 216.2940 215.8779 218.1652 218.6268 
467.6430 467.2612 454.5750 502.1120 483.7600 482.8032 496.3275 493.7349 479.2669 489.2200 490.2120 458.6658 468.8118 491.5330 493.7616 459.6312 460.0830 500.6916 491.7858 462.9744 
404.1510 383.3624 380.6308 378.9980 389.4268 388.9248 391.8375 404.4618 372.6285 417.2400 404.5320 372.7416 416.7216 376.7402 422.9649 376.0064 428.3110 423.2900 373.5622 394.9980 
