NB_GROUPS
20
NB_ELEMENTS
10
WEIGHTS
0.83
1.45
0.43
0.13
2.11
2.74
1.92
1.62
1.57
2.52
VALUES
238.9580 209.6640 234.1332 228.0285 233.5023 225.9860 229.2500 221.4324 229.7076 230.5685 233.2320 210.3350 218.6350 238.2822 216.8964 216.1800 225.8125 206.6112 226.7190 212.4351 
133.0395 143.0016 146.1537 135.0216 132.4503 129.2380 150.0212 123.5052 135.6062 139.7935 122.5824 136.4434 129.2100 129.3840 146.5128 131.8698 131.5132 147.7844 151.2675 139.4220 
165.6580 148.7360 132.5079 158.7222 150.8562 148.7320 148.1872 168.0840 130.9548 133.9839 161.9968 162.0494 142.7150 130.4622 136.8171 146.2818 147.0491 150.2953 133.0425 150.0621 
128.6415 130.0992 138.6126 141.1263 141.1119 128.1550 140.1176 112.5432 133.8172 119.8230 144.2784 125.1036 127.7500 125.7900 119.2212 140.8773 137.2940 129.8494 121.0140 132.8178 
117.2800 114.3296 132.8670 142.2036 128.1195 132.1260 136.4496 127.8900 145.2668 146.6924 138.4928 137.1750 131.0350 116.8050 120.6576 114.2151 139.4618 114.4253 122.8365 147.4938 
292.1005 278.8352 255.6792 259.2702 285.8328 284.1070 277.3008 262.7226 272.6436 289.3907 289.2800 273.6184 288.7150 283.2072 270.0432 265.9014 287.5948 260.0575 288.3195 278.8440 
241.5235 225.0752 230.1831 216.8964 223.0362 220.2100 216.7788 207.1818 218.6158 236.3781 213.3440 218.3826 223.3800 209.5302 234.1332 211.1358 232.6772 226.3397 231.4575 234.0822 
219.5335 209.6640 193.9140 227.3103 220.8708 200.7160 204.3076 217.4130 202.8726 225.4851 195.2640 215.8220 206.2250 202.7016 224.4375 226.6287 209.1927 221.6766 227.0835 203.6295 
245.9215 267.3664 235.2105 260.7066 247.2165 244.0360 262.2620 270.7614 247.2398 238.5567 245.8880 243.2570 260.2450 265.5966 267.5295 265.1808 269.1685 265.7967 248.9535 261.2328 
282.2050 274.5344 264.6567 249.2154 249.7428 245.8410 266.2968 252.1260 247.2398 244.0032 268.3072 258.2548 245.6450 270.6282 250.6518 270.2250 268.0846 268.3076 275.1975 265.2687 
