NB_GROUPS
30
NB_ELEMENTS
5
WEIGHTS
3.16
3.22
2.5
3.32
0.36
VALUES
250.6416 251.8608 253.1883 240.7868 249.9406 237.0830 236.2368 252.2264 238.8388 235.0504 259.9800 233.5480 248.7437 256.9686 240.3810 230.3427 242.2400 243.8653 245.1423 255.9774 249.5500 256.8020 252.7650 238.1544 254.7546 260.6272 252.7854 229.6728 238.1103 243.6600 
214.0380 196.7088 193.3776 208.0373 200.3246 206.2930 192.5576 194.3735 203.6054 199.9140 192.1995 189.6041 195.6867 212.7924 215.2070 215.0477 190.7640 214.2685 198.5373 209.8023 203.9800 189.6622 211.8675 189.6642 192.1992 195.7792 213.9886 205.6726 212.2618 209.8700 
227.3766 232.8640 227.7765 242.6582 211.4882 240.4699 218.3960 234.7787 240.0860 231.7185 235.2200 220.9487 224.7120 216.8367 226.2590 225.7542 215.5936 231.8416 217.8007 216.3102 223.5100 214.4142 209.7150 230.4819 226.9522 227.8944 221.5661 209.0144 235.9816 224.7500 
146.1042 145.5400 142.5540 126.0076 140.7854 127.7785 141.8036 139.2755 152.7820 137.8195 136.1800 141.0507 137.6361 131.2842 142.7550 132.1488 124.4508 126.7113 135.7759 141.6243 133.9200 130.5668 126.9975 124.6014 130.5504 133.7104 143.9725 123.3428 149.9213 133.6100 
208.1442 212.0288 235.2141 222.6966 206.2165 208.4483 209.1680 224.6774 237.5916 230.2040 229.0300 216.3392 230.6419 236.7471 232.7060 227.8955 219.8328 206.2527 222.4612 223.7478 220.7200 225.8620 232.1625 204.0885 208.8202 230.3648 209.1390 231.1918 202.2265 206.1500 
