NB_GROUPS
20
NB_ELEMENTS
5
WEIGHTS
1.92
0.11
0.99
0.83
1.59
VALUES
373.7194 371.1680 377.8904 321.6386 363.1446 372.4644 382.1850 366.2494 372.0552 322.0531 321.9084 353.4323 376.8849 376.3568 374.4182 376.4595 372.1200 384.1782 363.8816 345.1434 
442.0908 438.7736 429.7838 461.1043 463.5747 456.2019 454.5990 432.3594 467.5560 421.9094 424.9989 450.2449 431.3903 457.8566 422.6438 429.0972 404.0160 433.7064 444.1496 425.0994 
410.8922 430.8200 433.1103 415.0606 401.7204 451.5126 443.2005 448.2258 409.1944 433.1515 399.7251 397.1969 408.7905 402.8608 397.1914 417.7701 389.3970 398.9028 404.6845 400.4463 
493.8672 456.6692 452.4040 501.8096 462.9096 506.4444 466.6680 446.9036 474.8512 492.6685 459.5841 442.2877 468.6135 464.4826 446.7566 479.0697 499.0395 453.7854 501.0061 463.7448 
285.4340 229.3288 276.0995 274.9276 250.7427 282.0279 276.9165 283.6119 248.7000 240.7132 272.0259 234.7374 238.6273 277.6294 270.5992 240.5343 251.8455 281.1060 233.4461 265.8537 
